790361
79031
79032
79035
79037
7963714
7486
796522
78552
78462
73522
7352
79153
7482
79689
79688
7846
790301
79175
790300
791996
79099
79651
79652
79653
73422
7496
7347
7342
7343
7855
783146
796371
79152
7499
79151
79150
79104
79154
7495
7985
79067
7
7812
73432
74964
7485
796526
7487
749673
7831
749676
74862
791910
7472
7473
7474
7475
79629
796458
796457
796456
796453
796451
74732
74852
74855
7863
7916
74742
790915
790396
790397
79671
791976
790367
790366
796471
796470
749644
33
790964
31
790963
79057
79055
791972
79672
79670
